count,38921
wins,7227
conversion,18.56838210734565
777,34
999,44
555,34
333,31
111,40
*77,341
**7,3212
*00,324
**0,3167
count,40769
wins,7605
conversion,18.65387917290098
777,39
999,43
555,36
333,40
111,21
*77,363
**7,3410
*00,361
**0,3292
count,40987
wins,7657
conversion,18.6815331690536
777,33
999,56
555,36
333,39
111,52
*77,376
**7,3285
*00,367
**0,3413
count,38698
wins,7071
conversion,18.272262132409946
777,33
999,44
555,33
333,44
111,37
*77,376
**7,3137
*00,360
**0,3007
count,33952
wins,6241
conversion,18.381833176248822
777,30
999,29
555,26
333,31
111,26
*77,297
**7,2722
*00,296
**0,2784
count,49533
wins,9178
conversion,18.529061433791615
777,56
999,52
555,55
333,54
111,42
*77,450
**7,3992
*00,450
**0,4027
count,40686
wins,7665
conversion,18.83940421766701
777,39
999,41
555,34
333,55
111,39
*77,335
**7,3345
*00,384
**0,3393
count,47035
wins,8709
conversion,18.515998724354205
777,49
999,56
555,49
333,52
111,45
*77,399
**7,3745
*00,411
**0,3903
count,46641
wins,8658
conversion,18.56306682961343
777,53
999,47
555,36
333,57
111,51
*77,442
**7,3790
*00,414
**0,3768
count,45176
wins,8381
conversion,18.551885957145387
777,47
999,48
555,47
333,48
111,49
*77,381
**7,3670
*00,410
**0,3681
count,46386
wins,8656
conversion,18.660802828439614
777,52
999,48
555,39
333,45
111,44
*77,417
**7,3786
*00,453
**0,3772
count,40093
wins,7501
conversion,18.70900157134662
777,36
999,41
555,37
333,48
111,47
*77,362
**7,3333
*00,347
**0,3250
count,39499
wins,7366
conversion,18.648573381604596
777,33
999,46
555,42
333,35
111,31
*77,356
**7,3195
*00,371
**0,3257
count,41204
wins,7718
conversion,18.731191146490634
777,38
999,48
555,32
333,42
111,42
*77,376
**7,3396
*00,342
**0,3402
count,33982
wins,6400
conversion,18.833500088282033
777,24
999,28
555,41
333,41
111,37
*77,303
**7,2792
*00,322
**0,2812
count,33519
wins,6266
conversion,18.693875115606073
777,26
999,24
555,40
333,36
111,27
*77,306
**7,2744
*00,284
**0,2779
count,36918
wins,6772
conversion,18.343355544720733
777,32
999,33
555,38
333,45
111,42
*77,335
**7,2990
*00,321
**0,2936
count,39493
wins,7313
conversion,18.517205580735826
777,36
999,41
555,39
333,43
111,33
*77,401
**7,3101
*00,341
**0,3278
count,34596
wins,6370
conversion,18.412533240837092
777,31
999,28
555,28
333,37
111,42
*77,300
**7,2742
*00,333
**0,2829
count,36732
wins,6790
conversion,18.48524447348361
777,36
999,27
555,33
333,42
111,37
*77,313
**7,2993
*00,329
**0,2980
count,44088
wins,8220
conversion,18.64452912357104
777,48
999,40
555,48
333,46
111,31
*77,376
**7,3588
*00,401
**0,3642
count,35811
wins,6654
conversion,18.580882968920164
777,30
999,31
555,38
333,39
111,44
*77,282
**7,2922
*00,342
**0,2926
count,37434
wins,7031
conversion,18.78239034033232
777,32
999,37
555,30
333,32
111,52
*77,361
**7,3100
*00,342
**0,3045
count,37407
wins,6743
conversion,18.026037907343547
777,31
999,45
555,35
333,31
111,33
*77,312
**7,3006
*00,334
**0,2916
count,51584
wins,9710
conversion,18.823666253101738
777,62
999,51
555,44
333,65
111,62
*77,466
**7,4263
*00,473
**0,4224
count,40594
wins,7506
conversion,18.49041730304971
777,41
999,33
555,46
333,41
111,41
*77,362
**7,3338
*00,341
**0,3263
count,36680
wins,6906
conversion,18.827699018538713
777,33
999,29
555,38
333,43
111,31
*77,320
**7,2977
*00,359
**0,3076
count,50029
wins,9287
conversion,18.563233324671693
777,55
999,60
555,46
333,58
111,49
*77,437
**7,4071
*00,460
**0,4051
count,34597
wins,6223
conversion,17.987108708847586
777,32
999,25
555,37
333,29
111,33
*77,311
**7,2731
*00,309
**0,2716
count,55639
wins,10408
conversion,18.706303132694693
777,70
999,59
555,50
333,50
111,66
*77,531
**7,4544
*00,504
**0,4534
count,58140
wins,10552
conversion,18.149294805641556
777,75
999,62
555,68
333,57
111,57
*77,535
**7,4612
*00,518
**0,4568
count,41527
wins,7769
conversion,18.708310255978038
777,36
999,50
555,39
333,47
111,40
*77,368
**7,3423
*00,397
**0,3369
count,43995
wins,8177
conversion,18.58620297761109
777,50
999,37
555,41
333,47
111,41
*77,365
**7,3655
*00,399
**0,3542
count,38242
wins,7002
conversion,18.309711835155067
777,38
999,33
555,37
333,31
111,29
*77,378
**7,3032
*00,327
**0,3097
count,42600
wins,7687
conversion,18.044600938967136
777,48
999,39
555,40
333,37
111,51
*77,400
**7,3301
*00,361
**0,3410
count,29521
wins,5353
conversion,18.13285457809695
777,18
999,28
555,23
333,29
111,34
*77,265
**7,2313
*00,289
**0,2354
count,57097
wins,10671
conversion,18.6892481216176
777,70
999,60
555,60
333,79
111,55
*77,539
**7,4691
*00,477
**0,4640
count,47031
wins,8531
conversion,18.139099742722887
777,54
999,46
555,51
333,48
111,53
*77,404
**7,3766
*00,404
**0,3705
count,37691
wins,7056
conversion,18.720649491921147
777,30
999,43
555,33
333,37
111,38
*77,357
**7,3085
*00,333
**0,3100
count,52649
wins,9730
conversion,18.480882827784004
777,71
999,42
555,50
333,61
111,52
*77,496
**7,4211
*00,454
**0,4293
count,42981
wins,8007
conversion,18.629161722621625
777,42
999,43
555,51
333,38
111,43
*77,394
**7,3497
*00,371
**0,3528
count,39538
wins,7158
conversion,18.104102382518082
777,41
999,35
555,36
333,39
111,50
*77,376
**7,3086
*00,320
**0,3175
count,41492
wins,7724
conversion,18.615636749252868
777,37
999,46
555,49
333,36
111,39
*77,360
**7,3397
*00,361
**0,3399
count,37422
wins,6898
conversion,18.433007321896213
777,39
999,22
555,36
333,41
111,42
*77,335
**7,3088
*00,353
**0,2942
count,47679
wins,8814
conversion,18.486125967407034
777,49
999,61
555,47
333,31
111,51
*77,433
**7,3855
*00,437
**0,3850
count,45266
wins,8347
conversion,18.439888658154022
777,50
999,49
555,36
333,43
111,42
*77,403
**7,3677
*00,408
**0,3639
count,43106
wins,7991
conversion,18.538022549065094
777,45
999,40
555,40
333,53
111,41
*77,409
**7,3547
*00,399
**0,3417
count,46868
wins,8514
conversion,18.16591277630793
777,58
999,44
555,34
333,59
111,42
*77,436
**7,3712
*00,418
**0,3711
count,30847
wins,5615
conversion,18.20274256815898
777,22
999,26
555,29
333,24
111,38
*77,246
**7,2467
*00,263
**0,2500
count,48557
wins,8855
conversion,18.236299606647858
777,57
999,51
555,43
333,51
111,48
*77,419
**7,3969
*00,443
**0,3774
count,51612
wins,9718
conversion,18.82895450670387
777,61
999,55
555,41
333,54
111,62
*77,479
**7,4315
*00,441
**0,4210
count,37666
wins,6998
conversion,18.57908989539638
777,36
999,31
555,41
333,29
111,22
*77,317
**7,3105
*00,344
**0,3073
count,46576
wins,8553
conversion,18.363534867743045
777,47
999,55
555,51
333,42
111,49
*77,443
**7,3758
*00,409
**0,3699
count,43321
wins,8267
conversion,19.08312365827197
777,39
999,40
555,57
333,47
111,40
*77,441
**7,3681
*00,396
**0,3526
count,46018
wins,8424
conversion,18.305880307705678
777,51
999,54
555,30
333,46
111,50
*77,436
**7,3698
*00,395
**0,3664
count,42884
wins,7922
conversion,18.47309019681
777,46
999,39
555,43
333,44
111,39
*77,407
**7,3428
*00,389
**0,3487
count,42843
wins,7786
conversion,18.17333053240903
777,45
999,45
555,41
333,30
111,45
*77,379
**7,3476
*00,345
**0,3380
count,38283
wins,7093
conversion,18.52780607580388
777,37
999,36
555,35
333,34
111,37
*77,295
**7,3093
*00,373
**0,3153
count,38960
wins,7257
conversion,18.626796714579054
777,38
999,34
555,36
333,34
111,44
*77,374
**7,3142
*00,359
**0,3196
count,48315
wins,8969
conversion,18.563593087033013
777,56
999,49
555,43
333,58
111,43
*77,434
**7,3929
*00,451
**0,3906
count,44641
wins,8284
conversion,18.556931968369884
777,49
999,42
555,39
333,42
111,53
*77,443
**7,3633
*00,434
**0,3549
count,47616
wins,8901
conversion,18.69329637096774
777,57
999,43
555,43
333,46
111,50
*77,418
**7,3906
*00,430
**0,3908
count,42705
wins,7961
conversion,18.641845217187683
777,38
999,50
555,46
333,50
111,46
*77,364
**7,3512
*00,384
**0,3471
count,37290
wins,6845
conversion,18.356127648163046
777,32
999,41
555,30
333,26
111,33
*77,356
**7,3069
*00,325
**0,2933
count,55191
wins,10104
conversion,18.307332717290866
777,72
999,52
555,58
333,64
111,61
*77,499
**7,4414
*00,500
**0,4384
count,40767
wins,7457
conversion,18.291755586626437
777,33
999,48
555,57
333,31
111,41
*77,369
**7,3286
*00,347
**0,3245
count,41209
wins,7624
conversion,18.50081292921449
777,37
999,50
555,42
333,32
111,45
*77,348
**7,3293
*00,383
**0,3394
count,37679
wins,6929
conversion,18.389553862894452
777,34
999,39
555,31
333,38
111,39
*77,316
**7,3062
*00,333
**0,3037
count,49295
wins,9167
conversion,18.596206511816614
777,52
999,59
555,52
333,49
111,53
*77,436
**7,4039
*00,406
**0,4021
count,33940
wins,6080
conversion,17.91396582203889
777,28
999,36
555,27
333,28
111,28
*77,280
**7,2664
*00,309
**0,2680
count,36433
wins,6811
conversion,18.694590069442537
777,31
999,37
555,29
333,39
111,32
*77,339
**7,2918
*00,343
**0,3043
count,35660
wins,6722
conversion,18.850252383623108
777,27
999,37
555,33
333,40
111,31
*77,296
**7,2963
*00,336
**0,2959
count,39123
wins,7168
conversion,18.321703345857934
777,35
999,44
555,34
333,48
111,34
*77,343
**7,3130
*00,358
**0,3142
count,37673
wins,6998
conversion,18.575637724630372
777,38
999,26
555,34
333,50
111,41
*77,346
**7,3030
*00,360
**0,3073
count,37395
wins,6881
conversion,18.400855729375586
777,34
999,29
555,45
333,42
111,49
*77,334
**7,2984
*00,339
**0,3025
count,50397
wins,9310
conversion,18.47332182471179
777,50
999,61
555,71
333,57
111,51
*77,455
**7,4059
*00,424
**0,4082
count,41680
wins,7762
conversion,18.622840690978887
777,39
999,47
555,40
333,34
111,31
*77,397
**7,3399
*00,403
**0,3372
count,36570
wins,6860
conversion,18.75854525567405
777,30
999,35
555,34
333,36
111,36
*77,353
**7,3031
*00,307
**0,2998
count,40175
wins,7493
conversion,18.650902302426882
777,41
999,33
555,41
333,41
111,39
*77,350
**7,3289
*00,344
**0,3315
count,46811
wins,8549
conversion,18.262801478285017
777,50
999,55
555,47
333,29
111,55
*77,406
**7,3817
*00,405
**0,3685
count,34156
wins,6161
conversion,18.037826443377444
777,28
999,33
555,30
333,37
111,29
*77,298
**7,2706
*00,303
**0,2697
count,35515
wins,6556
conversion,18.459805715894692
777,30
999,35
555,31
333,36
111,28
*77,328
**7,2810
*00,317
**0,2941
count,52497
wins,9932
conversion,18.919176333885744
777,62
999,55
555,54
333,52
111,48
*77,460
**7,4319
*00,498
**0,4384
count,48338
wins,9028
conversion,18.676817410732756
777,56
999,51
555,37
333,49
111,52
*77,444
**7,3946
*00,482
**0,3911
count,34332
wins,6374
conversion,18.565769544448326
777,29
999,25
555,35
333,33
111,47
*77,306
**7,2796
*00,296
**0,2807
count,41559
wins,7736
conversion,18.614499867658026
777,42
999,36
555,47
333,43
111,41
*77,394
**7,3343
*00,365
**0,3425
count,58636
wins,10867
conversion,18.5329831502831
777,71
999,68
555,70
333,64
111,49
*77,570
**7,4658
*00,545
**0,4772
count,42219
wins,7737
conversion,18.325872237618135
777,43
999,43
555,37
333,54
111,36
*77,400
**7,3413
*00,349
**0,3362
count,32117
wins,5913
conversion,18.410810474203693
777,26
999,22
555,31
333,36
111,34
*77,275
**7,2570
*00,283
**0,2636
count,42079
wins,7799
conversion,18.534185698329335
777,42
999,43
555,40
333,50
111,31
*77,382
**7,3398
*00,402
**0,3411
count,47497
wins,8925
conversion,18.79066046276607
777,50
999,47
555,57
333,41
111,49
*77,460
**7,3932
*00,457
**0,3832
count,50330
wins,9450
conversion,18.776077885952713
777,61
999,46
555,52
333,38
111,59
*77,471
**7,4114
*00,464
**0,4145
count,47281
wins,8840
conversion,18.696728072587295
777,48
999,56
555,42
333,50
111,56
*77,450
**7,3923
*00,437
**0,3778
count,40677
wins,7422
conversion,18.24618334685449
777,33
999,53
555,42
333,42
111,49
*77,369
**7,3271
*00,336
**0,3227
count,38555
wins,7214
conversion,18.71093243418493
777,37
999,34
555,35
333,35
111,34
*77,372
**7,3105
*00,403
**0,3159
count,41033
wins,7499
conversion,18.275534326030268
777,40
999,41
555,44
333,39
111,40
*77,392
**7,3259
*00,367
**0,3277
count,44966
wins,8267
conversion,18.385002001512255
777,49
999,51
555,36
333,40
111,51
*77,396
**7,3558
*00,416
**0,3670
count,31155
wins,5827
conversion,18.703257904028245
777,20
999,27
555,31
333,29
111,24
*77,285
**7,2555
*00,284
**0,2572
count,47862
wins,8879
conversion,18.551251514771636
777,51
999,46
555,62
333,61
111,59
*77,412
**7,3877
*00,455
**0,3856
count,37185
wins,6807
conversion,18.305768455022186
777,33
999,35
555,42
333,36
111,26
*77,342
**7,2918
*00,346
**0,3029
count,42243
wins,7739
conversion,18.320195061903746
777,46
999,41
555,37
333,39
111,34
*77,387
**7,3350
*00,378
**0,3427
count,41260
wins,7709
conversion,18.683955404750364
777,34
999,45
555,54
333,41
111,53
*77,406
**7,3308
*00,393
**0,3375
count,30756
wins,5779
conversion,18.7898296267395
777,18
999,28
555,28
333,31
111,40
*77,255
**7,2575
*00,287
**0,2517
count,41066
wins,7532
conversion,18.341206837773342
777,40
999,44
555,41
333,26
111,50
*77,381
**7,3250
*00,371
**0,3329
count,44015
wins,8069
conversion,18.332386686356923
777,44
999,50
555,38
333,62
111,49
*77,388
**7,3577
*00,363
**0,3498
count,56755
wins,10565
conversion,18.615099991190203
777,72
999,63
555,58
333,52
111,50
*77,490
**7,4560
*00,525
**0,4695
count,49305
wins,9163
conversion,18.584322076868474
777,50
999,60
555,57
333,51
111,55
*77,457
**7,4015
*00,392
**0,4026
count,45305
wins,8351
conversion,18.432844056947356
777,46
999,51
555,49
333,45
111,48
*77,394
**7,3658
*00,396
**0,3664
count,36480
wins,6698
conversion,18.360745614035086
777,32
999,36
555,33
333,37
111,32
*77,338
**7,2890
*00,295
**0,3005
count,43463
wins,8030
conversion,18.475484895198218
777,46
999,44
555,41
333,27
111,46
*77,405
**7,3566
*00,370
**0,3485
count,38136
wins,7112
conversion,18.64904552129222
777,38
999,30
555,35
333,32
111,43
*77,315
**7,3153
*00,376
**0,3090
count,37831
wins,7022
conversion,18.561497184848406
777,39
999,27
555,29
333,35
111,41
*77,363
**7,3149
*00,345
**0,2994
count,56890
wins,10466
conversion,18.396906310423624
777,75
999,59
555,52
333,57
111,63
*77,504
**7,4625
*00,479
**0,4552
count,37584
wins,6942
conversion,18.470625798212005
777,34
999,33
555,42
333,26
111,42
*77,343
**7,3041
*00,355
**0,3026
count,35824
wins,6627
conversion,18.498771773112995
777,31
999,35
555,33
333,31
111,18
*77,307
**7,2891
*00,340
**0,2941
count,40323
wins,7442
conversion,18.4559680579322
777,37
999,44
555,40
333,39
111,35
*77,373
**7,3246
*00,357
**0,3271
count,35671
wins,6489
conversion,18.191247792324297
777,36
999,29
555,25
333,35
111,29
*77,298
**7,2830
*00,319
**0,2888
count,37211
wins,6810
conversion,18.301040015049313
777,37
999,27
555,39
333,37
111,42
*77,319
**7,2967
*00,348
**0,2994
count,36267
wins,6647
conversion,18.327956544517054
777,31
999,36
555,31
333,47
111,44
*77,318
**7,2863
*00,316
**0,2961
count,35438
wins,6563
conversion,18.519668152830295
777,28
999,31
555,42
333,33
111,39
*77,292
**7,2930
*00,335
**0,2833
count,37157
wins,6926
conversion,18.63982560486584
777,30
999,38
555,38
333,27
111,43
*77,372
**7,3019
*00,346
**0,3013
count,41452
wins,7558
conversion,18.233137122454888
777,42
999,38
555,45
333,47
111,54
*77,395
**7,3242
*00,361
**0,3334
count,48268
wins,9029
conversion,18.70597497306704
777,54
999,47
555,52
333,56
111,60
*77,455
**7,3846
*00,456
**0,4003
count,56393
wins,10604
conversion,18.803752238753034
777,70
999,60
555,56
333,55
111,52
*77,543
**7,4641
*00,483
**0,4644
count,51105
wins,9374
conversion,18.342627922903826
777,65
999,53
555,41
333,51
111,40
*77,451
**7,4111
*00,440
**0,4122
count,43635
wins,8059
conversion,18.469118826629998
777,45
999,41
555,50
333,49
111,39
*77,402
**7,3537
*00,393
**0,3503
count,42462
wins,7904
conversion,18.614290424379444
777,42
999,46
555,37
333,41
111,51
*77,366
**7,3467
*00,402
**0,3452
count,33300
wins,6185
conversion,18.573573573573572
777,24
999,28
555,40
333,36
111,27
*77,295
**7,2700
*00,280
**0,2755
count,43167
wins,7972
conversion,18.46781105937406
777,38
999,50
555,54
333,39
111,56
*77,404
**7,3497
*00,377
**0,3457
count,38282
wins,7051
conversion,18.418577921738677
777,35
999,36
555,40
333,38
111,37
*77,352
**7,3074
*00,321
**0,3118
count,37068
wins,6806
conversion,18.36085032912485
777,37
999,27
555,34
333,36
111,46
*77,324
**7,3001
*00,344
**0,2957
count,35690
wins,6677
conversion,18.708321658727936
777,32
999,30
555,28
333,27
111,38
*77,323
**7,2985
*00,321
**0,2893
count,37280
wins,6786
conversion,18.202789699570815
777,32
999,38
555,40
333,37
111,33
*77,311
**7,3015
*00,315
**0,2965
count,36170
wins,6640
conversion,18.357755045617914
777,31
999,36
555,28
333,30
111,43
*77,348
**7,2952
*00,322
**0,2850
count,47207
wins,8697
conversion,18.423115215963733
777,50
999,57
555,43
333,45
111,49
*77,427
**7,3805
*00,421
**0,3800
count,39492
wins,7275
conversion,18.421452446065025
777,35
999,37
555,51
333,38
111,38
*77,366
**7,3201
*00,350
**0,3159
count,40571
wins,7535
conversion,18.57237928569668
777,38
999,39
555,43
333,48
111,45
*77,360
**7,3311
*00,367
**0,3284
count,40567
wins,7555
conversion,18.623511721349868
777,41
999,33
555,42
333,52
111,45
*77,368
**7,3269
*00,385
**0,3320
count,50053
wins,9192
conversion,18.364533594389947
777,54
999,60
555,58
333,47
111,49
*77,440
**7,4012
*00,450
**0,4022
count,35129
wins,6373
conversion,18.14170628255857
777,31
999,29
555,36
333,41
111,34
*77,308
**7,2761
*00,318
**0,2815
count,43350
wins,7867
conversion,18.147635524798154
777,53
999,40
555,28
333,34
111,42
*77,375
**7,3449
*00,352
**0,3494
count,40893
wins,7529
conversion,18.41146406475436
777,39
999,44
555,38
333,38
111,37
*77,374
**7,3314
*00,396
**0,3249
count,39520
wins,7368
conversion,18.643724696356276
777,33
999,43
555,40
333,41
111,47
*77,379
**7,3262
*00,331
**0,3192
count,32464
wins,5961
conversion,18.361877772301625
777,28
999,22
555,30
333,28
111,39
*77,289
**7,2554
*00,276
**0,2695
count,48499
wins,9068
conversion,18.69729272768511
777,49
999,53
555,59
333,55
111,50
*77,450
**7,4037
*00,448
**0,3867
count,42134
wins,7760
conversion,18.417430103954054
777,48
999,34
555,36
333,39
111,44
*77,408
**7,3359
*00,400
**0,3392
count,41101
wins,7576
conversion,18.43264154156833
777,43
999,35
555,43
333,39
111,44
*77,350
**7,3344
*00,366
**0,3312
count,41966
wins,7821
conversion,18.636515274269648
777,39
999,49
555,36
333,43
111,33
*77,388
**7,3488
*00,342
**0,3403
count,44491
wins,8336
conversion,18.736373648603088
777,41
999,49
555,56
333,46
111,42
*77,404
**7,3693
*00,377
**0,3628
count,41639
wins,7674
conversion,18.429837412041596
777,39
999,45
555,43
333,45
111,39
*77,355
**7,3448
*00,345
**0,3315
count,44802
wins,8355
conversion,18.64872103923932
777,49
999,44
555,41
333,46
111,40
*77,404
**7,3649
*00,413
**0,3669
count,47140
wins,8772
conversion,18.608400509121765
777,50
999,53
555,46
333,41
111,55
*77,437
**7,3844
*00,412
**0,3834
count,38142
wins,7028
conversion,18.42588222956321
777,31
999,43
555,42
333,37
111,38
*77,362
**7,2997
*00,328
**0,3150
count,41278
wins,7812
conversion,18.92533552982218
777,35
999,44
555,48
333,41
111,45
*77,387
**7,3432
*00,402
**0,3378
count,32477
wins,6002
conversion,18.480771007174308
777,23
999,26
555,36
333,36
111,37
*77,268
**7,2682
*00,287
**0,2607
count,42258
wins,7926
conversion,18.756211841544797
777,35
999,50
555,47
333,52
111,40
*77,413
**7,3502
*00,370
**0,3417
count,40569
wins,7437
conversion,18.331731124750426
777,35
999,47
555,47
333,37
111,43
*77,343
**7,3281
*00,372
**0,3232
count,46385
wins,8572
conversion,18.480112105206427
777,48
999,48
555,55
333,44
111,60
*77,440
**7,3741
*00,416
**0,3720
count,37907
wins,7115
conversion,18.76962038673596
777,35
999,29
555,45
333,34
111,34
*77,397
**7,3016
*00,349
**0,3176
count,42979
wins,7939
conversion,18.471811815072478
777,46
999,35
555,54
333,31
111,50
*77,406
**7,3450
*00,367
**0,3500
count,38180
wins,7091
conversion,18.57255107386066
777,32
999,39
555,41
333,37
111,32
*77,339
**7,3175
*00,339
**0,3057
count,51273
wins,9391
conversion,18.315682717999728
777,66
999,46
555,48
333,54
111,56
*77,458
**7,4129
*00,492
**0,4042
count,39968
wins,7375
conversion,18.45226180944756
777,39
999,38
555,38
333,39
111,47
*77,350
**7,3255
*00,329
**0,3240
count,36680
wins,6705
conversion,18.27971646673937
777,28
999,44
555,35
333,33
111,43
*77,331
**7,2924
*00,311
**0,2956
count,52268
wins,9663
conversion,18.487411035432768
777,67
999,44
555,56
333,66
111,62
*77,480
**7,4142
*00,486
**0,4260
count,42451
wins,7763
conversion,18.28696614920732
777,41
999,46
555,44
333,55
111,45
*77,376
**7,3383
*00,374
**0,3399
count,37804
wins,7027
conversion,18.587980107925087
777,30
999,39
555,43
333,42
111,34
*77,333
**7,3128
*00,357
**0,3021
count,55121
wins,10252
conversion,18.599082019556974
777,68
999,68
555,37
333,59
111,54
*77,466
**7,4564
*00,488
**0,4448
count,48702
wins,8993
conversion,18.465360765471644
777,56
999,50
555,52
333,53
111,45
*77,432
**7,3873
*00,446
**0,3986
count,45820
wins,8487
conversion,18.522479266695765
777,50
999,39
555,56
333,50
111,44
*77,429
**7,3777
*00,412
**0,3630
count,48688
wins,8981
conversion,18.44602366086099
777,55
999,50
555,48
333,56
111,60
*77,418
**7,4014
*00,436
**0,3844
count,40728
wins,7461
conversion,18.319092516205068
777,36
999,53
555,38
333,33
111,40
*77,356
**7,3206
*00,336
**0,3363
count,37464
wins,6973
conversion,18.612534699978646
777,40
999,24
555,31
333,42
111,40
*77,324
**7,3030
*00,332
**0,3110
count,66505
wins,12298
conversion,18.491842718592586
777,95
999,65
555,68
333,79
111,71
*77,607
**7,5402
*00,558
**0,5353
count,45528
wins,8517
conversion,18.70716921454929
777,47
999,45
555,53
333,37
111,45
*77,452
**7,3735
*00,405
**0,3698
count,43945
wins,8112
conversion,18.459437933780862
777,37
999,58
555,55
333,42
111,49
*77,389
**7,3526
*00,396
**0,3560
count,35269
wins,6477
conversion,18.36456945192662
777,32
999,29
555,30
333,30
111,43
*77,328
**7,2817
*00,330
**0,2838
count,34774
wins,6414
conversion,18.444815091735205
777,36
999,21
555,27
333,28
111,32
*77,311
**7,2786
*00,298
**0,2875
count,46053
wins,8538
conversion,18.53950882678653
777,52
999,39
555,51
333,44
111,47
*77,431
**7,3815
*00,414
**0,3645
count,54569
wins,10066
conversion,18.44637065000275
777,73
999,47
555,54
333,74
111,52
*77,495
**7,4349
*00,495
**0,4427
count,43470
wins,7942
conversion,18.270071313549575
777,41
999,56
555,44
333,38
111,48
*77,369
**7,3426
*00,377
**0,3543
count,46068
wins,8658
conversion,18.793956759572804
777,47
999,50
555,47
333,51
111,44
*77,414
**7,3809
*00,420
**0,3776
count,38751
wins,7324
conversion,18.900157415292508
777,34
999,39
555,35
333,46
111,39
*77,338
**7,3179
*00,380
**0,3234
count,36871
wins,6756
conversion,18.32334354913075
777,30
999,41
555,38
333,31
111,25
*77,334
**7,2934
*00,361
**0,2962
count,50226
wins,9289
conversion,18.4944052880978
777,55
999,54
555,63
333,54
111,49
*77,429
**7,4080
*00,486
**0,4019
count,37479
wins,6785
conversion,18.10347127724859
777,31
999,44
555,35
333,34
111,40
*77,307
**7,3018
*00,354
**0,2922
count,44113
wins,7977
conversion,18.083104753700724
777,52
999,35
555,55
333,30
111,47
*77,392
**7,3418
*00,381
**0,3567
count,42171
wins,7831
conversion,18.569633160228594
777,40
999,44
555,43
333,49
111,39
*77,391
**7,3479
*00,358
**0,3388
count,45779
wins,8510
conversion,18.58930950872671
777,51
999,47
555,42
333,42
111,43
*77,403
**7,3711
*00,400
**0,3771
count,52182
wins,9781
conversion,18.744011344908206
777,62
999,55
555,54
333,55
111,41
*77,481
**7,4232
*00,445
**0,4356
count,57381
wins,10741
conversion,18.718739652498215
777,71
999,59
555,66
333,54
111,70
*77,537
**7,4705
*00,492
**0,4687
count,48524
wins,8836
conversion,18.209545791773145
777,62
999,39
555,48
333,48
111,47
*77,460
**7,3895
*00,412
**0,3825
count,47009
wins,8690
conversion,18.4858218638984
777,45
999,57
555,53
333,56
111,60
*77,419
**7,3861
*00,402
**0,3737
count,41318
wins,7657
conversion,18.531874727721572
777,41
999,41
555,42
333,37
111,43
*77,354
**7,3354
*00,356
**0,3389
count,40457
wins,7575
conversion,18.723583063499518
777,42
999,36
555,35
333,41
111,32
*77,352
**7,3309
*00,357
**0,3371
count,42058
wins,7889
conversion,18.757430215416807
777,44
999,41
555,36
333,42
111,37
*77,370
**7,3413
*00,363
**0,3543
count,42026
wins,7829
conversion,18.62894398705563
777,44
999,39
555,42
333,53
111,25
*77,372
**7,3346
*00,375
**0,3533
count,49192
wins,9123
conversion,18.545698487558955
777,53
999,56
555,49
333,54
111,67
*77,462
**7,3955
*00,460
**0,3967
count,45549
wins,8402
conversion,18.44606906847571
777,55
999,40
555,37
333,37
111,42
*77,411
**7,3745
*00,399
**0,3636
count,38577
wins,7090
conversion,18.378826762060296
777,35
999,43
555,32
333,26
111,32
*77,363
**7,3131
*00,331
**0,3097
count,39247
wins,7154
conversion,18.228144826356154
777,38
999,39
555,44
333,26
111,32
*77,350
**7,3050
*00,362
**0,3213
count,53353
wins,9933
conversion,18.617509793263736
777,68
999,53
555,47
333,59
111,67
*77,451
**7,4315
*00,475
**0,4398
count,45728
wins,8507
conversion,18.60348145556333
777,48
999,46
555,51
333,59
111,32
*77,437
**7,3691
*00,372
**0,3771
count,39835
wins,7273
conversion,18.257813480607506
777,40
999,40
555,36
333,31
111,36
*77,352
**7,3181
*00,350
**0,3207
count,38909
wins,7068
conversion,18.165463003418232
777,40
999,34
555,33
333,47
111,46
*77,338
**7,3071
*00,332
**0,3127
count,40192
wins,7489
conversion,18.633061305732486
777,37
999,39
555,42
333,40
111,39
*77,379
**7,3314
*00,366
**0,3233
count,33453
wins,6103
conversion,18.243505814127285
777,21
999,40
555,35
333,31
111,20
*77,302
**7,2681
*00,312
**0,2661
count,62277
wins,11691
conversion,18.772580567464715
777,81
999,76
555,57
333,52
111,63
*77,528
**7,5084
*00,575
**0,5175
count,43212
wins,7982
conversion,18.471720818291214
777,51
999,33
555,39
333,34
111,38
*77,418
**7,3524
*00,365
**0,3480
count,53354
wins,9940
conversion,18.630280766203096
777,66
999,55
555,51
333,58
111,60
*77,470
**7,4327
*00,450
**0,4403
count,44655
wins,8222
conversion,18.412271862053522
777,53
999,39
555,35
333,52
111,49
*77,402
**7,3571
*00,391
**0,3630
count,44066
wins,8071
conversion,18.31570825579812
777,52
999,41
555,35
333,50
111,31
*77,414
**7,3431
*00,376
**0,3641
count,46005
wins,8541
conversion,18.565373328985977
777,48
999,50
555,45
333,42
111,63
*77,427
**7,3744
*00,406
**0,3716
count,42259
wins,7934
conversion,18.774698880711803
777,46
999,30
555,43
333,43
111,44
*77,378
**7,3589
*00,406
**0,3355
count,45644
wins,8573
conversion,18.7823153097888
777,43
999,54
555,50
333,53
111,39
*77,419
**7,3766
*00,417
**0,3732
count,36557
wins,6691
conversion,18.302924200563503
777,33
999,35
555,27
333,36
111,41
*77,313
**7,3019
*00,348
**0,2839
count,46647
wins,8682
conversion,18.612129397388898
777,49
999,52
555,47
333,45
111,51
*77,431
**7,3773
*00,404
**0,3830
count,52346
wins,9501
conversion,18.150383983494443
777,65
999,60
555,42
333,55
111,54
*77,475
**7,4153
*00,450
**0,4147
count,44794
wins,8251
conversion,18.419877662186902
777,44
999,49
555,56
333,40
111,39
*77,404
**7,3634
*00,397
**0,3588
count,45091
wins,8413
conversion,18.657825286642566
777,48
999,46
555,45
333,49
111,52
*77,389
**7,3627
*00,403
**0,3754
count,43711
wins,8180
conversion,18.71382489533527
777,50
999,31
555,52
333,39
111,53
*77,356
**7,3565
*00,387
**0,3647
count,55354
wins,10279
conversion,18.56957040141634
777,60
999,74
555,57
333,77
111,61
*77,483
**7,4472
*00,513
**0,4482
count,40447
wins,7455
conversion,18.431527678196158
777,40
999,40
555,40
333,37
111,38
*77,363
**7,3228
*00,344
**0,3325
count,52694
wins,9750
conversion,18.50305537632368
777,64
999,60
555,44
333,48
111,57
*77,494
**7,4237
*00,477
**0,4269
count,44459
wins,8175
conversion,18.387728019073755
777,48
999,44
555,39
333,52
111,57
*77,402
**7,3604
*00,408
**0,3521
count,39045
wins,7167
conversion,18.355743373031117
777,37
999,37
555,38
333,34
111,36
*77,371
**7,3173
*00,360
**0,3081
count,41753
wins,7780
conversion,18.633391612578738
777,42
999,42
555,37
333,39
111,42
*77,385
**7,3402
*00,376
**0,3415
count,55418
wins,10327
conversion,18.63473961528745
777,62
999,64
555,71
333,55
111,45
*77,538
**7,4554
*00,503
**0,4435
count,40808
wins,7574
conversion,18.56008625759655
777,37
999,39
555,54
333,42
111,30
*77,381
**7,3310
*00,362
**0,3319
count,43968
wins,8131
conversion,18.492994905385736
777,45
999,47
555,45
333,41
111,42
*77,384
**7,3581
*00,374
**0,3572
count,33516
wins,6269
conversion,18.70449934359709
777,25
999,29
555,34
333,27
111,27
*77,303
**7,2805
*00,292
**0,2727
count,50011
wins,9312
conversion,18.619903621203335
777,50
999,66
555,57
333,42
111,54
*77,418
**7,4125
*00,426
**0,4074
count,42475
wins,7881
conversion,18.55444379046498
777,42
999,42
555,43
333,42
111,39
*77,416
**7,3495
*00,378
**0,3384
count,45364
wins,8358
conversion,18.424301208006348
777,47
999,51
555,44
333,51
111,36
*77,414
**7,3677
*00,400
**0,3638
count,36335
wins,6667
conversion,18.348699600935735
777,32
999,31
555,37
333,41
111,26
*77,336
**7,2960
*00,346
**0,2858
count,33924
wins,6148
conversion,18.12286286994458
777,26
999,33
555,29
333,43
111,42
*77,312
**7,2702
*00,282
**0,2679
count,36391
wins,6791
conversion,18.661207441400347
777,30
999,33
555,41
333,41
111,32
*77,315
**7,2944
*00,344
**0,3011
count,39408
wins,7306
conversion,18.53938286642306
777,33
999,43
555,41
333,41
111,33
*77,396
**7,3228
*00,358
**0,3133
count,47189
wins,8669
conversion,18.370806755811735
777,52
999,51
555,51
333,46
111,46
*77,421
**7,3736
*00,410
**0,3856
count,33433
wins,6047
conversion,18.086920108874466
777,26
999,27
555,44
333,31
111,36
*77,254
**7,2650
*00,309
**0,2670
count,57731
wins,10593
conversion,18.348894008418355
777,76
999,60
555,69
333,48
111,52
*77,482
**7,4549
*00,527
**0,4730
count,41758
wins,7621
conversion,18.250395133866565
777,35
999,56
555,48
333,37
111,31
*77,344
**7,3367
*00,369
**0,3334
count,35795
wins,6637
conversion,18.5416957675653
777,29
999,35
555,36
333,35
111,35
*77,341
**7,2822
*00,345
**0,2959
count,42692
wins,7967
conversion,18.66157593928605
777,39
999,50
555,43
333,45
111,42
*77,364
**7,3539
*00,365
**0,3480
count,37575
wins,6966
conversion,18.538922155688624
777,34
999,35
555,29
333,57
111,39
*77,332
**7,3069
*00,342
**0,3029
count,47009
wins,8730
conversion,18.57091195303027
777,46
999,62
555,44
333,46
111,48
*77,426
**7,3812
*00,427
**0,3819
count,36205
wins,6713
conversion,18.541637895318328
777,35
999,27
555,37
333,34
111,32
*77,303
**7,2868
*00,329
**0,3048
count,38680
wins,7122
conversion,18.412616339193384
777,34
999,42
555,34
333,42
111,41
*77,377
**7,3093
*00,317
**0,3142
count,34565
wins,6342
conversion,18.348039924779403
777,26
999,37
555,31
333,32
111,35
*77,321
**7,2762
*00,296
**0,2802
count,53268
wins,9895
conversion,18.575880453555605
777,64
999,61
555,44
333,67
111,68
*77,507
**7,4185
*00,494
**0,4405
count,40805
wins,7597
conversion,18.61781644406323
777,40
999,40
555,35
333,37
111,40
*77,382
**7,3405
*00,357
**0,3261
count,36466
wins,6708
conversion,18.3952174628421
777,30
999,35
555,42
333,30
111,34
*77,342
**7,2928
*00,315
**0,2952
count,40722
wins,7626
conversion,18.726978046264918
777,36
999,39
555,58
333,40
111,41
*77,359
**7,3259
*00,346
**0,3448
count,31419
wins,5846
conversion,18.606575638944587
777,23
999,24
555,28
333,30
111,23
*77,302
**7,2557
*00,299
**0,2560
count,41762
wins,7744
conversion,18.54317321967339
777,40
999,43
555,45
333,40
111,36
*77,399
**7,3379
*00,358
**0,3404
count,39817
wins,7306
conversion,18.34894642991687
777,37
999,45
555,33
333,45
111,33
*77,328
**7,3238
*00,361
**0,3186
count,39318
wins,7341
conversion,18.670837784220968
777,37
999,33
555,40
333,45
111,45
*77,363
**7,3278
*00,344
**0,3156
count,48396
wins,8890
conversion,18.369286717910573
777,53
999,52
555,55
333,54
111,43
*77,430
**7,3892
*00,469
**0,3842
count,36129
wins,6654
conversion,18.4173378726231
777,31
999,34
555,33
333,39
111,42
*77,341
**7,2849
*00,337
**0,2948
count,41165
wins,7663
conversion,18.615328555811978
777,43
999,34
555,37
333,54
111,54
*77,348
**7,3378
*00,376
**0,3339
count,42464
wins,7983
conversion,18.79945365486059
777,46
999,34
555,42
333,36
111,49
*77,416
**7,3458
*00,378
**0,3524
count,44150
wins,8123
conversion,18.39864099660249
777,49
999,45
555,36
333,43
111,45
*77,401
**7,3541
*00,364
**0,3599
count,37458
wins,6928
conversion,18.49538149393988
777,34
999,34
555,38
333,37
111,42
*77,329
**7,3002
*00,320
**0,3092
count,34868
wins,6529
conversion,18.724905357347712
777,29
999,33
555,23
333,36
111,28
*77,325
**7,2899
*00,320
**0,2836
count,50188
wins,9310
conversion,18.550251056029328
777,60
999,43
555,63
333,55
111,51
*77,438
**7,4073
*00,467
**0,4060
count,44833
wins,8351
conversion,18.626904289251218
777,51
999,39
555,47
333,40
111,46
*77,376
**7,3633
*00,425
**0,3694
count,44988
wins,8265
conversion,18.371565750866896
777,47
999,45
555,54
333,40
111,46
*77,398
**7,3666
*00,371
**0,3598
count,54619
wins,10331
conversion,18.914663395521707
777,71
999,47
555,54
333,58
111,58
*77,507
**7,4502
*00,494
**0,4540
count,31597
wins,5832
conversion,18.45744849194544
777,19
999,31
555,31
333,44
111,36
*77,286
**7,2516
*00,280
**0,2589
count,41950
wins,7836
conversion,18.67938021454112
777,44
999,32
555,46
333,46
111,50
*77,382
**7,3445
*00,424
**0,3367
count,38020
wins,6936
conversion,18.243029984218833
777,31
999,43
555,42
333,44
111,33
*77,304
**7,3082
*00,307
**0,3050
count,47373
wins,8820
conversion,18.618200240643404
777,55
999,48
555,43
333,44
111,50
*77,397
**7,3810
*00,475
**0,3898
count,35008
wins,6546
conversion,18.698583180987203
777,27
999,29
555,38
333,42
111,41
*77,317
**7,2902
*00,327
**0,2823
count,52057
wins,9692
conversion,18.618053287742285
777,61
999,55
555,53
333,59
111,60
*77,457
**7,4252
*00,486
**0,4209
count,41345
wins,7762
conversion,18.773733220461967
777,38
999,42
555,41
333,49
111,51
*77,395
**7,3383
*00,363
**0,3400
count,43544
wins,8129
conversion,18.66847326841815
777,42
999,46
555,49
333,42
111,37
*77,444
**7,3496
*00,413
**0,3560
count,45416
wins,8363
conversion,18.414215254535847
777,53
999,37
555,53
333,45
111,41
*77,385
**7,3652
*00,403
**0,3694
count,39239
wins,7365
conversion,18.76959147786641
777,36
999,35
555,43
333,42
111,36
*77,352
**7,3235
*00,348
**0,3238
count,43252
wins,7998
conversion,18.49163044483492
777,42
999,44
555,55
333,36
111,39
*77,393
**7,3515
*00,388
**0,3486
count,43959
wins,8134
conversion,18.503605632521214
777,47
999,41
555,44
333,45
111,44
*77,388
**7,3644
*00,391
**0,3490
count,33087
wins,5994
conversion,18.115876326049506
777,26
999,31
555,30
333,22
111,36
*77,297
**7,2637
*00,286
**0,2629
count,46407
wins,8553
conversion,18.43040920550779
777,55
999,42
555,40
333,47
111,36
*77,419
**7,3862
*00,409
**0,3643
count,37532
wins,6793
conversion,18.09922199722903
777,40
999,27
555,35
333,28
111,43
*77,346
**7,2955
*00,318
**0,3001
count,36166
wins,6616
conversion,18.293424763590114
777,32
999,32
555,38
333,34
111,38
*77,314
**7,2866
*00,346
**0,2916
count,34032
wins,6252
conversion,18.370944992947813
777,25
999,39
555,27
333,39
111,31
*77,252
**7,2748
*00,292
**0,2799
count,40620
wins,7512
conversion,18.493353028064995
777,45
999,37
555,29
333,30
111,34
*77,368
**7,3267
*00,337
**0,3365
count,37628
wins,7105
conversion,18.88221537153184
777,32
999,33
555,38
333,40
111,41
*77,350
**7,3168
*00,361
**0,3042
count,50058
wins,9212
conversion,18.40265292260977
777,55
999,56
555,59
333,68
111,45
*77,430
**7,3962
*00,465
**0,4072
count,39793
wins,7283
conversion,18.30221395722866
777,40
999,36
555,41
333,38
111,39
*77,357
**7,3161
*00,344
**0,3227
count,31174
wins,5750
conversion,18.444857894399178
777,22
999,26
555,28
333,35
111,32
*77,269
**7,2486
*00,274
**0,2578
count,45051
wins,8400
conversion,18.645535060265033
777,41
999,52
555,52
333,57
111,56
*77,426
**7,3678
*00,434
**0,3604
count,35719
wins,6552
conversion,18.343178700411546
777,29
999,33
555,41
333,31
111,39
*77,314
**7,2886
*00,307
**0,2872
count,46809
wins,8607
conversion,18.38748958533615
777,47
999,54
555,58
333,47
111,54
*77,423
**7,3694
*00,437
**0,3793
count,55455
wins,10322
conversion,18.61329005499955
777,71
999,54
555,58
333,57
111,59
*77,465
**7,4564
*00,499
**0,4495
count,45786
wins,8529
conversion,18.627964880094353
777,45
999,52
555,51
333,45
111,40
*77,432
**7,3757
*00,423
**0,3684
count,47071
wins,8803
conversion,18.701535977565804
777,47
999,51
555,63
333,45
111,54
*77,403
**7,3806
*00,439
**0,3895
count,46208
wins,8622
conversion,18.659106648199447
777,50
999,42
555,55
333,50
111,54
*77,413
**7,3766
*00,413
**0,3779
count,33611
wins,6300
conversion,18.74386361607807
777,31
999,20
555,30
333,32
111,28
*77,293
**7,2757
*00,306
**0,2803
count,47061
wins,8692
conversion,18.469645778882725
777,59
999,38
555,42
333,54
111,54
*77,406
**7,3772
*00,398
**0,3869
count,42331
wins,7989
conversion,18.872693770522787
777,46
999,29
555,47
333,42
111,38
*77,415
**7,3518
*00,388
**0,3466
count,50304
wins,9346
conversion,18.579039440203562
777,54
999,58
555,54
333,50
111,63
*77,453
**7,4152
*00,441
**0,4021
count,51641
wins,9555
conversion,18.50274007087392
777,58
999,62
555,47
333,63
111,63
*77,450
**7,4196
*00,462
**0,4154
count,43790
wins,8145
conversion,18.600137017583922
777,45
999,44
555,47
333,35
111,51
*77,399
**7,3549
*00,388
**0,3587
count,41134
wins,7522
conversion,18.2865755822434
777,44
999,37
555,40
333,40
111,47
*77,343
**7,3248
*00,382
**0,3341
count,45991
wins,8566
conversion,18.62538322715314
777,50
999,45
555,46
333,54
111,36
*77,442
**7,3750
*00,418
**0,3725
count,34880
wins,6554
conversion,18.790137614678898
777,22
999,40
555,39
333,31
111,30
*77,319
**7,2877
*00,343
**0,2853
count,50466
wins,9382
conversion,18.590734355803907
777,60
999,52
555,51
333,41
111,48
*77,485
**7,4040
*00,471
**0,4134
count,38486
wins,7160
conversion,18.604167749311436
777,33
999,37
555,44
333,47
111,28
*77,377
**7,3087
*00,348
**0,3159
